Test
11
5
2012
20
0
11
5
2012
21
0
Test
11
5
2012
20
0
11
5
2012
21
0
Test
11
5
2012
20
0
11
5
2012
21
0
Test
11
5
2012
20
0
11
5
2012
21
0
Test
11
5
2012
20
0
11
5
2012
21
0
Test
11
5
2012
20
0
11
5
2012
21
0
Test
11
5
2012
20
0
11
5
2012
21
0
Test
11
5
2012
20
0
11
5
2012
21
0
Test
11
5
2012
20
0
11
5
2012
21
0
Test
11
5
2012
20
0
11
5
2012
21
0
Test
11
5
2012
20
0
11
5
2012
21
0
Test
11
5
2012
20
0
11
5
2012
21
0
Test
11
5
2012
20
0
11
5
2012
21
0
Test
11
5
2012
20
0
11
5
2012
21
0
task 
0
0
lotr 
0
0
dd task 
0
0
happy 
0
0
task 
0
0
